6 0.2764423076923077 0.14543269230769232 0.052884615384615384 0.19230769230769232
6 0.23197115384615385 0.203125 0.052884615384615384 0.12259615384615384
6 0.1658653846153846 0.3293269230769231 0.07692307692307693 0.1875
6 0.22115384615384615 0.3293269230769231 0.06490384615384616 0.13701923076923078
6 0.3918269230769231 0.39302884615384615 0.055288461538461536 0.10336538461538461
6 0.28725961538461536 0.42788461538461536 0.11057692307692307 0.14423076923076922
6 0.08052884615384616 0.44471153846153844 0.16105769230769232 0.3125
6 0.4891826923076923 0.484375 0.055288461538461536 0.13701923076923078
6 0.41346153846153844 0.5012019230769231 0.08413461538461539 0.10817307692307693
6 0.390625 0.5612980769230769 0.08173076923076923 0.11778846153846154
6 0.025240384615384616 0.1141826923076923 0.04326923076923077 0.20432692307692307
6 0.44471153846153844 0.11658653846153846 0.057692307692307696 0.23317307692307693