6 0.5637019230769231 0.15504807692307693 0.04567307692307692 0.09615384615384616
6 0.6478365384615384 0.20552884615384615 0.04326923076923077 0.11538461538461539
6 0.8389423076923077 0.5240384615384616 0.04807692307692308 0.12740384615384615
6 0.35216346153846156 0.5588942307692307 0.03365384615384615 0.10817307692307693
6 0.84375 0.6237980769230769 0.04567307692307692 0.08653846153846154
6 0.7572115384615384 0.6875 0.038461538461538464 0.0673076923076923
6 0.8293269230769231 0.7175480769230769 0.057692307692307696 0.10096153846153846
6 0.7680288461538461 0.7536057692307693 0.038461538461538464 0.13701923076923078
6 0.703125 0.7860576923076923 0.04326923076923077 0.07211538461538461
6 0.8737980769230769 0.8329326923076923 0.04326923076923077 0.12740384615384615
6 0.7079326923076923 0.8509615384615384 0.04567307692307692 0.11778846153846154
6 0.8485576923076923 0.9050480769230769 0.04807692307692308 0.10576923076923077
6 0.8149038461538461 0.9555288461538461 0.052884615384615384 0.08413461538461539